function y=fyyf(x)
    y=1 - (1373942295480695*x)/27021597764222976 - (1014412859468125*x^2)/2533274790395904;
return